A = [
    [4.0, 1, 0, 0, -1, 0, 0, 0, 0, 0, 0, 0, 0, 0, 0, 0],
    [-1, 4, -1, 0, 0, -1, 0, 0, 0, 0, 0, 0, 0, 0, 0, 0],
    [0, -1, 4, -1, 0, 0, -1, 0, 0, 0, 0, 0, 0, 0, 0, 0],
    [0, 0, -1, 4, 0, 0, 0, -1, 0, 0, 0, 0, 0, 0, 0, 0],
    [-1, 0, 0, 0, 4, -1, 0, 0, -1, 0, 0, 0, 0, 0, 0, 0],
    [0, -1, 0, 0, -1, 4, -1, 0, 0, -1, 0, 0, 0, 0, 0, 0],
    [0, 0, -1, 0, 0, -1, 4, -1, 0, 0, -1, 0, 0, 0, 0, 0],
    [0, 0, 0, -1, 0, 0, -1, 4, 0, 0, 0, -1, 0, 0, 0, 0],
    [0, 0, 0, 0, -1, 0, 0, 0, 4, -1, 0, 0, -1, 0, 0, 0],
    [0, 0, 0, 0, 0, -1, 0, 0, -1, 4, -1, 0, 0, -1, 0, 0],
    [0, 0, 0, 0, 0, 0, -1, 0, 0, -1, 4, -1, 0, 0, -1, 0],
    [0, 0, 0, 0, 0, 0, 0, -1, 0, 0, -1, 4, 0, 0, 0, -1],
    [0, 0, 0, 0, 0, 0, 0, 0, -1, 0, 0, 0, 4, -1, 0, 0],
    [0, 0, 0, 0, 0, 0, 0, 0, 0, -1, 0, 0, -1, 4, -1, 0],
    [0, 0, 0, 0, 0, 0, 0, 0, 0, 0, -1, 0, 0, -1, 4, -1],
    [0, 0, 0, 0, 0, 0, 0, 0, 0, 0, 0, -1, 0, 0, -1, 4]
]
b = [190, 80, 80, 130, 110, 0, 0, 50, 110, 0, 0, 50, 200, 90, 90, 140]